32 30 50
65 59 100
98 89 150
132 119 200
164 149 250
196 178 300
227 207 350
258 236 400
289 264 450
321 293 500
352 321 550
383 348 600
415 376 650
446 405 700
478 433 750
509 462 800
541 490 850
572 519 900
604 548 950
635 576 1000
666 605 1050
697 634 1100
729 663 1150
760 692 1200
792 721 1250
825 751 1300
858 781 1350
890 809 1400
923 838 1451
955 867 1501
988 897 1551
1021 927 1601
1055 957 1651
1088 986 1701
1120 1015 1751
1153 1044 1801
1185 1074 1851
1217 1103 1901
1248 1133 1951
1280 1162 2001
1311 1191 2051
1343 1219 2101
1374 1247 2151
1406 1275 2201
1437 1303 2251
1469 1331 2301
1500 1358 2351
1531 1386 2401
1563 1414 2451
1594 1443 2501
1626 1471 2551
1657 1499 2601
1688 1527 2651
1719 1556 2701
1751 1585 2751
1784 1614 2801
1817 1643 2851
1849 1673 2902
1882 1702 2952
1914 1732 3002
1947 1761 3052
1979 1790 3102
2012 1819 3152
2044 1847 3202
2077 1876 3252
2110 1906 3302
2142 1935 3352
2173 1964 3402
2205 1992 3452
2235 2021 3502
2266 2049 3552
2298 2078 3602
2329 2108 3652
2362 2138 3702
2394 2167 3752
2425 2195 3802
2457 2224 3852
2490 2253 3902
2522 2281 3952
2554 2309 4002
2585 2337 4052
2615 2365 4102
2646 2393 4152
2677 2421 4202
2709 2449 4252
2741 2478 4302
2772 2507 4352
2806 2536 4402
2838 2565 4452
2871 2594 4502
2903 2623 4552
2936 2652 4602
2968 2681 4652
3000 2711 4702
3033 2740 4752
3066 2769 4802
3098 2798 4852
3130 2826 4902
3161 2854 4952
3192 2883 5002
3223 2911 5052
3253 2939 5102
3284 2968 5152
3315 2996 5202
3347 3024 5252
3378 3053 5302
3410 3082 5352
