15 15 50
31 31 100
47 46 150
63 62 200
79 77 250
95 93 300
111 108 350
127 124 400
143 139 450
159 155 500
175 170 550
191 185 600
207 200 650
223 215 700
239 230 750
256 246 800
272 262 850
288 277 900
305 293 950
322 309 1000
339 324 1050
355 340 1100
372 356 1150
388 371 1200
405 386 1250
421 401 1300
438 415 1350
455 430 1400
472 445 1451
488 460 1501
505 475 1551
522 490 1601
539 505 1651
557 520 1701
573 535 1751
590 551 1801
607 566 1851
624 580 1901
640 594 1951
656 609 2001
672 623 2051
688 638 2101
705 653 2151
721 667 2201
738 682 2251
754 697 2301
770 712 2351
785 726 2401
801 741 2451
817 756 2501
833 770 2551
849 785 2601
865 800 2651
881 815 2701
897 830 2751
914 845 2801
931 861 2851
948 876 2902
965 892 2952
982 907 3002
998 922 3052
1014 937 3102
1031 952 3152
1047 966 3202
1063 981 3252
1080 996 3302
1097 1012 3352
1113 1027 3402
1129 1042 3452
1145 1057 3502
1161 1072 3552
1177 1087 3602
1193 1102 3652
1208 1117 3702
1224 1132 3752
1240 1146 3802
1257 1161 3852
1273 1176 3902
1290 1191 3952
1306 1206 4002
1322 1220 4052
1339 1235 4102
1355 1249 4152
1371 1264 4202
1387 1279 4252
1403 1294 4302
1419 1308 4352
1436 1323 4402
1452 1338 4452
1469 1353 4502
1486 1367 4552
1502 1382 4602
1519 1396 4652
1535 1410 4702
1551 1424 4752
1568 1439 4802
1585 1453 4852
1601 1467 4902
1616 1480 4952
1633 1495 5002
1649 1509 5052
1665 1523 5102
1681 1536 5152
1697 1551 5202
1712 1564 5252
1728 1578 5302
1744 1592 5352
1759 1605 5402
1774 1619 5452
1789 1633 5502
1804 1646 5552
1819 1660 5602
1834 1674 5652
1850 1688 5702
1865 1702 5752
1881 1716 5803
1897 1730 5853
1912 1744 5903
1928 1758 5953
1944 1772 6003
1960 1786 6053
1975 1801 6103
1990 1815 6153
2006 1829 6203
2022 1844 6253
2037 1859 6303
2053 1873 6353
2069 1887 6403
2084 1900 6453
2100 1914 6503
2115 1928 6553
2130 1941 6603
2145 1955 6653
2159 1968 6703
2174 1981 6753
2189 1995 6803
2204 2008 6853
2219 2023 6903
2235 2036 6953
2251 2050 7003
2267 2065 7053
2283 2079 7103
2299 2094 7153
2316 2108 7203
2332 2123 7254
2349 2138 7304
2366 2152 7354
2382 2167 7404
2399 2181 7454
2416 2195 7504
2432 2209 7554
2448 2224 7604
2465 2239 7654
2482 2253 7704
2499 2268 7754
2516 2283 7804
2532 2298 7854
2549 2313 7904
2566 2328 7954
2583 2343 8004
2599 2357 8054
2615 2372 8104
2631 2385 8154
2647 2399 8204
2663 2412 8254
2679 2426 8304
2695 2440 8354
2711 2453 8404
2726 2467 8454
2741 2480 8504
2756 2494 8554
2772 2507 8604
2787 2521 8654
2801 2534 8704
2816 2548 8754
2832 2562 8804
2847 2575 8854
2863 2589 8904
2879 2603 8954
2895 2617 9004
2911 2631 9054
2927 2645 9104
2943 2660 9154
2960 2674 9204
2975 2688 9254
2991 2702 9304
3007 2717 9354
3023 2731 9404
3039 2745 9454
3055 2760 9504
3072 2774 9554
3088 2789 9604
3103 2803 9654
3119 2818 9704
3134 2832 9754
3149 2846 9804
3165 2860 9854
3180 2873 9904
3195 2887 9954
3210 2901 10004
3226 2915 10054
3242 2928 10104
3257 2943 10155
3274 2957 10205
3290 2971 10255
3306 2985 10305
3323 3000 10355
3339 3014 10405
3356 3029 10455
3372 3043 10505
3389 3058 10555
3406 3073 10605
3422 3087 10655
3440 3102 10705
3457 3117 10755
3475 3132 10805
3492 3147 10855
3511 3162 10905
3529 3177 10955
