0 1 0
1 1 0
1 1 0
1 1 0
1 1 1
1 2 1
2 2 1
2 2 1
2 2 2
5 7 9
12 15 18
23 24 28
33 34 38
43 43 49
53 52 59
64 62 70
74 71 80
84 81 91
94 90 101
105 102 114
119 114 129
132 126 142
145 139 155
158 151 168
171 164 182
184 176 196
197 188 209
210 201 223
223 213 236
237 225 249
250 238 264
264 250 277
277 263 290
290 275 304
304 287 317
317 300 331
331 312 345
344 325 358
358 337 371
371 350 385
385 362 399
398 375 412
411 388 425
425 400 439
438 413 452
452 426 466
465 438 480
479 451 493
493 463 506
506 476 520
520 488 534
534 500 547
547 512 561
561 524 574
574 536 587
587 549 602
601 561 615
614 573 628
627 585 642
641 597 655
654 609 669
667 621 683
680 634 696
693 646 709
706 658 722
719 670 737
732 682 750
745 694 763
759 706 777
772 718 790
785 730 804
798 742 818
811 754 831
825 766 844
838 778 858
851 790 872
864 803 885
877 815 899
890 827 912
904 839 926
917 851 940
930 864 953
943 876 966
956 888 979
970 901 994
983 913 1007
997 926 1021
1012 941 1037
1027 955 1052
1042 970 1069
1057 984 1084
1073 998 1099
1088 1012 1116
1104 1027 1133
1120 1043 1149
1137 1058 1166
1153 1073 1182
1169 1088 1200
1185 1103 1216
1201 1118 1232
1218 1133 1249
1234 1149 1266
1251 1164 1283
1267 1179 1299
1284 1195 1315
1300 1210 1333
1317 1225 1349
1334 1241 1366
1350 1256 1382
1367 1271 1399
1383 1286 1416
1400 1302 1432
